#Layer_Color=32768
#
#Feature symbol names
#
$0 r1.9685
$1 r3.937
$2 r3

#
#Feature attribute names
#

#
#Layer features
#
L -0.047684 -0.162204 -0.047684 0.162204 0 P 0
L -0.047684 -0.162204 0.219244 -0.162204 0 P 0
L -0.047684 0.162204 0.219244 0.162204 0 P 0
L 0.051378 0.1764458 0.051378 0.2551858 0 P 0
L 0.051378 0.1764458 0.098622 0.1764458 0 P 0
L 0.051378 0.2551858 0.098622 0.2551858 0 P 0
L 0.055314 0.2128618 0.094684 0.2128618 1 P 0
L 0.075 0.1931778 0.075 0.2325478 1 P 0
L 0.094378 0.1669673 0.094378 0.2634253 0 P 0
L 0.094378 0.1669673 0.141622 0.1669673 0 P 0
L 0.094378 0.2634253 0.141622 0.2634253 0 P 0
L 0.098314 0.2151953 0.137684 0.2151953 1 P 0
L 0.098622 0.1764458 0.098622 0.2551858 0 P 0
L 0.102316 0 0.141686 0 1 P 0
L 0.118 0.1955113 0.118 0.2348813 1 P 0
L 0.122 -0.019684 0.122 0.019686 1 P 0
L 0.132284 -0.1745674 0.167716 -0.1745674 0 P 0
L 0.132284 -0.2454334 0.132284 -0.1745674 0 P 0
L 0.132284 -0.2454334 0.167716 -0.2454334 0 P 0
L 0.139174 -0.2099994 0.160826 -0.2099994 1 P 0
L 0.140118 0.174882 0.140118 0.245748 0 P 0
L 0.140118 0.174882 0.175552 0.174882 0 P 0
L 0.140118 0.245748 0.175552 0.245748 0 P 0
L 0.141622 0.1669673 0.141622 0.2634253 0 P 0
L 0.147008 0.210316 0.168662 0.210316 1 P 0
L 0.15 -0.2208274 0.15 -0.1991734 1 P 0
L 0.157834 0.199488 0.157834 0.221142 1 P 0
L 0.167716 -0.2454334 0.167716 -0.1745674 0 P 0
L 0.175552 0.174882 0.175552 0.245748 0 P 0
L 0.182086 0.180276 0.182086 0.251142 0 P 0
L 0.182086 0.180276 0.213582 0.180276 0 P 0
L 0.182086 0.251142 0.213582 0.251142 0 P 0
L 0.186024 0.215708 0.209646 0.215708 1 P 0
L 0.197834 0.203898 0.197834 0.22752 1 P 0
L 0.213582 0.180276 0.213582 0.251142 0 P 0
L 0.214252 0.322244 0.214252 0.39311 0 P 0
L 0.214252 0.322244 0.245748 0.322244 0 P 0
L 0.214252 0.39311 0.245748 0.39311 0 P 0
L 0.215158 0.164134 0.215158 0.305866 0 P 0
L 0.215158 0.164134 0.380512 0.164134 0 P 0
L 0.215158 0.305866 0.380512 0.305866 0 P 0
L 0.21819 0.357678 0.241812 0.357678 1 P 0
L 0.219244 -0.162204 0.219244 0.162204 0 P 0
L 0.2272841 -0.1149598 0.2627161 -0.1149598 0 P 0
L 0.2272841 -0.1858258 0.2272841 -0.1149598 0 P 0
L 0.2272841 -0.1858258 0.2627161 -0.1858258 0 P 0
L 0.23 0.345866 0.23 0.369488 1 P 0
L 0.231378 0.009686 0.278622 0.009686 0 P 0
L 0.231378 0.010316 0.231378 0.089056 0 P 0
L 0.231378 0.010316 0.278622 0.010316 0 P 0
L 0.231378 -0.069056 0.231378 0.009686 0 P 0
L 0.231378 -0.069056 0.278622 -0.069056 0 P 0
L 0.231378 0.089056 0.278622 0.089056 0 P 0
L 0.2341741 -0.1503938 0.2558261 -0.1503938 1 P 0
L 0.235316 -0.026732 0.274686 -0.026732 1 P 0
L 0.235316 0.046732 0.274686 0.046732 1 P 0
L 0.2450001 -0.1612198 0.2450001 -0.1395678 1 P 0
L 0.245748 0.322244 0.245748 0.39311 0 P 0
L 0.255 0.027048 0.255 0.066418 1 P 0
L 0.255 -0.046418 0.255 -0.007048 1 P 0
L 0.2627161 -0.1858258 0.2627161 -0.1149598 0 P 0
L 0.2692519 -0.1149601 0.3007479 -0.1149601 0 P 0
L 0.2692519 -0.1858261 0.2692519 -0.1149601 0 P 0
L 0.2692519 -0.1858261 0.3007479 -0.1858261 0 P 0
L 0.2731899 -0.1503941 0.2968119 -0.1503941 1 P 0
L 0.27815 0.235 0.31752 0.235 1 P 0
L 0.278622 0.010316 0.278622 0.089056 0 P 0
L 0.278622 -0.069056 0.278622 0.009686 0 P 0
L 0.2849999 -0.1622041 0.2849999 -0.1385821 1 P 0
L 0.290118 0.122284 0.290118 0.157716 0 P 0
L 0.290118 0.122284 0.360984 0.122284 0 P 0
L 0.290118 0.157716 0.360984 0.157716 0 P 0
L 0.297834 0.215316 0.297834 0.254686 1 P 0
L 0.3007479 -0.1858261 0.3007479 -0.1149601 0 P 0
L 0.305 -0.2 0.565 -0.2 2 P 0
L 0.305 -0.34 0.305 -0.2 2 P 0
L 0.305 -0.34 0.565 -0.34 2 P 0
L 0.3072834 -0.1149607 0.3427165 -0.1149607 0 P 0
L 0.3072834 -0.1858268 0.3072834 -0.1149607 0 P 0
L 0.3072834 -0.1858268 0.3427165 -0.1858268 0 P 0
L 0.3141732 -0.1503938 0.3358267 -0.1503938 1 P 0
L 0.314724 0.14 0.336378 0.14 1 P 0
L 0.317284 -0.009568 0.352716 -0.009568 0 P 0
L 0.317284 -0.080434 0.317284 -0.009568 0 P 0
L 0.317284 -0.080434 0.352716 -0.080434 0 P 0
L 0.324174 -0.045 0.345826 -0.045 1 P 0
L 0.325 -0.1612205 0.325 -0.139567 1 P 0
L 0.325552 0.129174 0.325552 0.150826 1 P 0
L 0.335 -0.055826 0.335 -0.034174 1 P 0
L 0.3427165 -0.1858268 0.3427165 -0.1149607 0 P 0
L 0.3444094 -0.0915355 0.3444094 0.1112205 0 P 0
L 0.3444094 -0.0915355 0.5471654 -0.0915355 0 P 0
L 0.3444094 0.1112205 0.5471654 0.1112205 0 P 0
L 0.3492519 -0.114567 0.380748 -0.114567 0 P 0
L 0.3492519 -0.1854331 0.3492519 -0.114567 0 P 0
L 0.3492519 -0.1854331 0.380748 -0.1854331 0 P 0
L 0.352716 -0.080434 0.352716 -0.009568 0 P 0
L 0.353189 -0.15 0.376811 -0.15 1 P 0
L 0.360984 0.122284 0.360984 0.157716 0 P 0
L 0.365 -0.1618111 0.365 -0.138189 1 P 0
L 0.380118 0.122284 0.380118 0.157716 0 P 0
L 0.380118 0.122284 0.450984 0.122284 0 P 0
L 0.380118 0.157716 0.450984 0.157716 0 P 0
L 0.380512 0.164134 0.380512 0.305866 0 P 0
L 0.380512 0.164252 0.380512 0.195748 0 P 0
L 0.380512 0.164252 0.451378 0.164252 0 P 0
L 0.380512 0.195748 0.451378 0.195748 0 P 0
L 0.380748 -0.1854331 0.380748 -0.114567 0 P 0
L 0.3892519 -0.114567 0.420748 -0.114567 0 P 0
L 0.3892519 -0.1854331 0.3892519 -0.114567 0 P 0
L 0.3892519 -0.1854331 0.420748 -0.1854331 0 P 0
L 0.393189 -0.15 0.416811 -0.15 1 P 0
L 0.404134 0.18 0.427756 0.18 1 P 0
L 0.404724 0.14 0.426378 0.14 1 P 0
L 0.405 -0.1618111 0.405 -0.138189 1 P 0
L 0.415552 0.129174 0.415552 0.150826 1 P 0
L 0.415946 0.16819 0.415946 0.191812 1 P 0
L 0.420748 -0.1854331 0.420748 -0.114567 0 P 0
L 0.4261024 0.0098425 0.4654724 0.0098425 1 P 0
L 0.4457874 -0.0098425 0.4457874 0.0295275 1 P 0
L 0.450984 0.122284 0.450984 0.157716 0 P 0
L 0.451378 0.164252 0.451378 0.195748 0 P 0
L 0.4722835 0.1195669 0.4722835 0.190433 0 P 0
L 0.4722835 0.1195669 0.5077166 0.1195669 0 P 0
L 0.4722835 0.190433 0.5077166 0.190433 0 P 0
L 0.474252 0.219566 0.474252 0.290434 0 P 0
L 0.474252 0.219566 0.505748 0.219566 0 P 0
L 0.474252 0.290434 0.505748 0.290434 0 P 0
L 0.47819 0.255 0.501812 0.255 1 P 0
L 0.4791733 0.155 0.5008268 0.155 1 P 0
L 0.479567 -0.1015944 0.5504331 -0.1015944 0 P 0
L 0.479567 -0.1370275 0.479567 -0.1015944 0 P 0
L 0.479567 -0.1370275 0.5504331 -0.1370275 0 P 0
L 0.49 0.1441732 0.49 0.1658267 1 P 0
L 0.49 0.243188 0.49 0.266812 1 P 0
L 0.5041733 -0.119311 0.5258268 -0.119311 1 P 0
L 0.505748 0.219566 0.505748 0.290434 0 P 0
L 0.5072835 0.1195669 0.5072835 0.190433 0 P 0
L 0.5072835 0.1195669 0.5427166 0.1195669 0 P 0
L 0.5072835 0.190433 0.5427166 0.190433 0 P 0
L 0.5077166 0.1195669 0.5077166 0.190433 0 P 0
L 0.509252 0.2195662 0.509252 0.2904322 0 P 0
L 0.509252 0.2195662 0.540748 0.2195662 0 P 0
L 0.509252 0.2904322 0.540748 0.2904322 0 P 0
L 0.513188 0.2550002 0.53681 0.2550002 1 P 0
L 0.5141733 0.155 0.5358268 0.155 1 P 0
L 0.515 -0.1301377 0.515 -0.1084842 1 P 0
L 0.525 0.1441732 0.525 0.1658267 1 P 0
L 0.525 0.2431882 0.525 0.2668102 1 P 0
L 0.540748 0.2195662 0.540748 0.2904322 0 P 0
L 0.5427166 0.1195669 0.5427166 0.190433 0 P 0
L 0.5471654 -0.0915355 0.5471654 0.1112205 0 P 0
L 0.5504331 -0.1370275 0.5504331 -0.1015944 0 P 0
L 0.551378 0.3435032 0.551378 0.4064952 0 P 0
L 0.551378 0.3435032 0.598622 0.3435032 0 P 0
L 0.551378 0.4064952 0.598622 0.4064952 0 P 0
L 0.555316 0.3749992 0.594686 0.3749992 1 P 0
L 0.565 -0.34 0.565 -0.2 2 P 0
L 0.569567 0.1872835 0.569567 0.2227166 0 P 0
L 0.569567 0.1872835 0.6404331 0.1872835 0 P 0
L 0.569567 0.2227166 0.6404331 0.2227166 0 P 0
L 0.575 0.3553152 0.575 0.3946852 1 P 0
L 0.575944 -0.326378 0.654684 -0.326378 0 P 0
L 0.575944 -0.373622 0.575944 -0.326378 0 P 0
L 0.575944 -0.373622 0.654684 -0.373622 0 P 0
L 0.575946 -0.281378 0.654686 -0.281378 0 P 0
L 0.575946 -0.328622 0.575946 -0.281378 0 P 0
L 0.575946 -0.328622 0.654686 -0.328622 0 P 0
L 0.5795658 -0.159252 0.6504318 -0.159252 0 P 0
L 0.5795658 -0.190748 0.5795658 -0.159252 0 P 0
L 0.5795658 -0.190748 0.6504318 -0.190748 0 P 0
L 0.5795674 -0.197284 0.6504334 -0.197284 0 P 0
L 0.5795674 -0.232716 0.5795674 -0.197284 0 P 0
L 0.5795674 -0.232716 0.6504334 -0.232716 0 P 0
L 0.579568 -0.244252 0.650434 -0.244252 0 P 0
L 0.579568 -0.275748 0.579568 -0.244252 0 P 0
L 0.579568 -0.275748 0.650434 -0.275748 0 P 0
L 0.592676 -0.35 0.632046 -0.35 1 P 0
L 0.592678 -0.305 0.632048 -0.305 1 P 0
L 0.5941733 0.205 0.6158268 0.205 1 P 0
L 0.598622 0.3435032 0.598622 0.4064952 0 P 0
L 0.6031878 -0.175 0.6268098 -0.175 1 P 0
L 0.60319 -0.26 0.626812 -0.26 1 P 0
L 0.6041734 -0.215 0.6258274 -0.215 1 P 0
L 0.605 0.1941733 0.605 0.2158268 1 P 0
L 0.612362 -0.324686 0.612362 -0.285316 1 P 0
L 0.612362 -0.369684 0.612362 -0.330314 1 P 0
L 0.6149994 -0.225826 0.6149994 -0.204174 1 P 0
L 0.6149998 -0.18681 0.6149998 -0.163188 1 P 0
L 0.615 -0.271812 0.615 -0.24819 1 P 0
L 0.6404331 0.1872835 0.6404331 0.2227166 0 P 0
L 0.6504318 -0.190748 0.6504318 -0.159252 0 P 0
L 0.6504334 -0.232716 0.6504334 -0.197284 0 P 0
L 0.650434 -0.275748 0.650434 -0.244252 0 P 0
L 0.654684 -0.373622 0.654684 -0.326378 0 P 0
L 0.654686 -0.328622 0.654686 -0.281378 0 P 0
L 0.6593307 0.1052362 0.9506693 0.1052362 0 P 0
L 0.6593307 -0.1152362 0.6593307 0.1052362 0 P 0
L 0.6593307 -0.1152362 0.9506693 -0.1152362 0 P 0
L 0.6595665 0.277284 0.6595665 0.312716 0 P 0
L 0.6595665 0.277284 0.7304325 0.277284 0 P 0
L 0.6595665 0.312716 0.7304325 0.312716 0 P 0
L 0.6595665 0.317284 0.6595665 0.352716 0 P 0
L 0.6595665 0.317284 0.7304325 0.317284 0 P 0
L 0.6595665 0.352716 0.7304325 0.352716 0 P 0
L 0.6595666 0.237284 0.6595666 0.272716 0 P 0
L 0.6595666 0.237284 0.7304326 0.237284 0 P 0
L 0.6595666 0.272716 0.7304326 0.272716 0 P 0
L 0.6595669 0.1572834 0.6595669 0.1927165 0 P 0
L 0.6595669 0.1572834 0.730433 0.1572834 0 P 0
L 0.6595669 0.1927165 0.730433 0.1927165 0 P 0
L 0.6595674 0.197284 0.6595674 0.232716 0 P 0
L 0.6595674 0.197284 0.7304334 0.197284 0 P 0
L 0.6595674 0.232716 0.7304334 0.232716 0 P 0
L 0.6841725 0.295 0.7058265 0.295 1 P 0
L 0.6841725 0.335 0.7058265 0.335 1 P 0
L 0.6841726 0.255 0.7058266 0.255 1 P 0
L 0.6841732 0.175 0.7058267 0.175 1 P 0
L 0.6841734 0.215 0.7058274 0.215 1 P 0
L 0.6949994 0.204174 0.6949994 0.225826 1 P 0
L 0.695 0.1641732 0.695 0.1858267 1 P 0
L 0.6950005 0.284174 0.6950005 0.305826 1 P 0
L 0.6950005 0.324174 0.6950005 0.345826 1 P 0
L 0.6950006 0.244174 0.6950006 0.265826 1 P 0
L 0.7304325 0.277284 0.7304325 0.312716 0 P 0
L 0.7304325 0.317284 0.7304325 0.352716 0 P 0
L 0.7304326 0.237284 0.7304326 0.272716 0 P 0
L 0.730433 0.1572834 0.730433 0.1927165 0 P 0
L 0.7304334 0.197284 0.7304334 0.232716 0 P 0
L 0.76551 0.151378 0.76551 0.198622 0 P 0
L 0.76551 0.151378 0.844252 0.151378 0 P 0
L 0.76551 0.191378 0.76551 0.238622 0 P 0
L 0.76551 0.191378 0.844252 0.191378 0 P 0
L 0.76551 0.198622 0.844252 0.198622 0 P 0
L 0.76551 0.231378 0.76551 0.278622 0 P 0
L 0.76551 0.231378 0.844252 0.231378 0 P 0
L 0.76551 0.238622 0.844252 0.238622 0 P 0
L 0.76551 0.271378 0.76551 0.318622 0 P 0
L 0.76551 0.271378 0.844252 0.271378 0 P 0
L 0.76551 0.278622 0.844252 0.278622 0 P 0
L 0.76551 0.311378 0.76551 0.358622 0 P 0
L 0.76551 0.311378 0.844252 0.311378 0 P 0
L 0.76551 0.318622 0.844252 0.318622 0 P 0
L 0.76551 0.358622 0.844252 0.358622 0 P 0
L 0.7853149 -0.005 0.824685 -0.005 1 P 0
L 0.788148 0.175 0.827518 0.175 1 P 0
L 0.788148 0.215 0.827518 0.215 1 P 0
L 0.788148 0.255 0.827518 0.255 1 P 0
L 0.788148 0.295 0.827518 0.295 1 P 0
L 0.788148 0.335 0.827518 0.335 1 P 0
L 0.805 -0.024685 0.805 0.014685 1 P 0
L 0.807834 0.155316 0.807834 0.194686 1 P 0
L 0.807834 0.195316 0.807834 0.234686 1 P 0
L 0.807834 0.235316 0.807834 0.274686 1 P 0
L 0.807834 0.275316 0.807834 0.314686 1 P 0
L 0.807834 0.315316 0.807834 0.354686 1 P 0
L 0.8229129 -0.2707875 0.9870869 -0.2707875 0 P 0
L 0.8229129 -0.3692135 0.8229129 -0.2707875 0 P 0
L 0.8229129 -0.3692135 0.9870869 -0.3692135 0 P 0
L 0.844252 0.151378 0.844252 0.198622 0 P 0
L 0.844252 0.191378 0.844252 0.238622 0 P 0
L 0.844252 0.231378 0.844252 0.278622 0 P 0
L 0.844252 0.271378 0.844252 0.318622 0 P 0
L 0.844252 0.311378 0.844252 0.358622 0 P 0
L 0.8738967 0.333378 0.8738967 0.380622 0 P 0
L 0.8738967 0.333378 0.9526368 0.333378 0 P 0
L 0.8738967 0.380622 0.9526368 0.380622 0 P 0
L 0.8745662 -0.239252 0.9454322 -0.239252 0 P 0
L 0.8745662 -0.270748 0.8745662 -0.239252 0 P 0
L 0.8745662 -0.270748 0.9454322 -0.270748 0 P 0
L 0.8745665 -0.157284 0.9454325 -0.157284 0 P 0
L 0.8745665 -0.192716 0.8745665 -0.157284 0 P 0
L 0.8745665 -0.192716 0.9454325 -0.192716 0 P 0
L 0.8745675 -0.197284 0.9454335 -0.197284 0 P 0
L 0.8745675 -0.232716 0.8745675 -0.197284 0 P 0
L 0.8745675 -0.232716 0.9454335 -0.232716 0 P 0
L 0.876567 0.1192519 0.876567 0.150748 0 P 0
L 0.876567 0.1192519 0.9474331 0.1192519 0 P 0
L 0.876567 0.150748 0.9474331 0.150748 0 P 0
L 0.8765675 0.194284 0.8765675 0.229716 0 P 0
L 0.8765675 0.194284 0.9474335 0.194284 0 P 0
L 0.8765675 0.229284 0.8765675 0.264716 0 P 0
L 0.8765675 0.229284 0.9474335 0.229284 0 P 0
L 0.8765675 0.229716 0.9474335 0.229716 0 P 0
L 0.8765675 0.263284 0.8765675 0.298716 0 P 0
L 0.8765675 0.263284 0.9474335 0.263284 0 P 0
L 0.8765675 0.264716 0.9474335 0.264716 0 P 0
L 0.8765675 0.298716 0.9474335 0.298716 0 P 0
L 0.8765675 0.304284 0.8765675 0.339716 0 P 0
L 0.8765675 0.304284 0.9474335 0.304284 0 P 0
L 0.8765675 0.339716 0.9474335 0.339716 0 P 0
L 0.8765678 0.159252 0.8765678 0.190748 0 P 0
L 0.8765678 0.159252 0.9474338 0.159252 0 P 0
L 0.8765678 0.190748 0.9474338 0.190748 0 P 0
L 0.87685 -0.1110635 0.947716 -0.1110635 0 P 0
L 0.87685 -0.1464955 0.87685 -0.1110635 0 P 0
L 0.87685 -0.1464955 0.947716 -0.1464955 0 P 0
L 0.8853149 -0.3199995 0.9246849 -0.3199995 1 P 0
L 0.8906289 0.357 0.929999 0.357 1 P 0
L 0.8981882 -0.255 0.9218102 -0.255 1 P 0
L 0.8991725 -0.175 0.9208265 -0.175 1 P 0
L 0.8991735 -0.215 0.9208275 -0.215 1 P 0
L 0.900189 0.135 0.9238111 0.135 1 P 0
L 0.9001898 0.175 0.9238118 0.175 1 P 0
L 0.9011735 0.212 0.9228275 0.212 1 P 0
L 0.9011735 0.247 0.9228275 0.247 1 P 0
L 0.9011735 0.281 0.9228275 0.281 1 P 0
L 0.9011735 0.322 0.9228275 0.322 1 P 0
L 0.901456 -0.1287795 0.92311 -0.1287795 1 P 0
L 0.9050009 -0.3396855 0.9050009 -0.3003155 1 P 0
L 0.9099995 -0.225826 0.9099995 -0.204174 1 P 0
L 0.9100002 -0.26681 0.9100002 -0.243188 1 P 0
L 0.9100005 -0.185826 0.9100005 -0.164174 1 P 0
L 0.910314 0.337315 0.910314 0.376685 1 P 0
L 0.9119995 0.201174 0.9119995 0.222826 1 P 0
L 0.9119995 0.236174 0.9119995 0.257826 1 P 0
L 0.9119995 0.270174 0.9119995 0.291826 1 P 0
L 0.9119995 0.311174 0.9119995 0.332826 1 P 0
L 0.9119998 0.16319 0.9119998 0.186812 1 P 0
L 0.912 0.123189 0.912 0.146811 1 P 0
L 0.912284 -0.1396055 0.912284 -0.1179535 1 P 0
L 0.9454322 -0.270748 0.9454322 -0.239252 0 P 0
L 0.9454325 -0.192716 0.9454325 -0.157284 0 P 0
L 0.9454335 -0.232716 0.9454335 -0.197284 0 P 0
L 0.9474331 0.1192519 0.9474331 0.150748 0 P 0
L 0.9474335 0.194284 0.9474335 0.229716 0 P 0
L 0.9474335 0.229284 0.9474335 0.264716 0 P 0
L 0.9474335 0.263284 0.9474335 0.298716 0 P 0
L 0.9474335 0.304284 0.9474335 0.339716 0 P 0
L 0.9474338 0.159252 0.9474338 0.190748 0 P 0
L 0.947716 -0.1464955 0.947716 -0.1110635 0 P 0
L 0.9506693 -0.1152362 0.9506693 0.1052362 0 P 0
L 0.9526368 0.333378 0.9526368 0.380622 0 P 0
L 0.9870869 -0.3692135 0.9870869 -0.2707875 0 P 0
L 1.245252 0.2125669 1.245252 0.283433 0 P 0
L 1.245252 0.2125669 1.2767481 0.2125669 0 P 0
L 1.245252 0.283433 1.2767481 0.283433 0 P 0
L 1.249189 0.248 1.272811 0.248 1 P 0
L 1.261 0.2361889 1.261 0.259811 1 P 0
L 1.2767481 0.2125669 1.2767481 0.283433 0 P 0
L 1.377252 0.2125669 1.377252 0.283433 0 P 0
L 1.377252 0.2125669 1.4087481 0.2125669 0 P 0
L 1.377252 0.283433 1.4087481 0.283433 0 P 0
L 1.381189 0.248 1.404811 0.248 1 P 0
L 1.393 0.2361889 1.393 0.259811 1 P 0
L 1.4087481 0.2125669 1.4087481 0.283433 0 P 0
