#Layer_Color=16711935
#
#Feature symbol names
#
$0 r3.937

#
#Feature attribute names
#

#
#Layer features
#
A 0.4219685 0.0533464 0.4219685 0.0533464 0.4022835 0.0533464 0 P 0 N
A 0.7813779 0.0599606 0.7813779 0.0599606 0.7616929 0.0599606 0 P 0 N
A 0.893189 -0.3121259 0.893189 -0.3121259 0.877441 -0.3121259 0 P 0 N
L -0.043748 -0.158268 -0.043748 0.158268 0 P 0
L -0.043748 -0.158268 0.177512 -0.158268 0 P 0
L -0.043748 0.158268 0.177512 0.158268 0 P 0
L 0.06122 0.1912098 0.06122 0.2345158 0 P 0
L 0.06122 0.1912098 0.08878 0.1912098 0 P 0
L 0.06122 0.2345158 0.08878 0.2345158 0 P 0
L 0.08878 0.1912098 0.08878 0.2345158 0 P 0
L 0.100284 0.1896053 0.100284 0.2407873 0 P 0
L 0.100284 0.1896053 0.135716 0.1896053 0 P 0
L 0.100284 0.2407873 0.135716 0.2407873 0 P 0
L 0.135716 0.1896053 0.135716 0.2407873 0 P 0
L 0.139174 -0.1893314 0.160826 -0.1893314 0 P 0
L 0.139174 -0.2306694 0.139174 -0.1893314 0 P 0
L 0.139174 -0.2306694 0.160826 -0.2306694 0 P 0
L 0.147008 0.189646 0.147008 0.230984 0 P 0
L 0.147008 0.189646 0.168662 0.189646 0 P 0
L 0.147008 0.230984 0.168662 0.230984 0 P 0
L 0.160826 -0.2306694 0.160826 -0.1893314 0 P 0
L 0.168662 0.189646 0.168662 0.230984 0 P 0
L 0.177512 -0.158268 0.177512 0.158268 0 P 0
L 0.186024 0.197992 0.186024 0.233426 0 P 0
L 0.186024 0.197992 0.209646 0.197992 0 P 0
L 0.186024 0.233426 0.209646 0.233426 0 P 0
L 0.209646 0.197992 0.209646 0.233426 0 P 0
L 0.21819 0.33996 0.21819 0.375394 0 P 0
L 0.21819 0.33996 0.241812 0.33996 0 P 0
L 0.21819 0.375394 0.241812 0.375394 0 P 0
L 0.2341741 -0.1297238 0.2558261 -0.1297238 0 P 0
L 0.2341741 -0.1710638 0.2341741 -0.1297238 0 P 0
L 0.2341741 -0.1710638 0.2558261 -0.1710638 0 P 0
L 0.24122 -0.005078 0.26878 -0.005078 0 P 0
L 0.24122 0.025078 0.24122 0.068386 0 P 0
L 0.24122 0.025078 0.26878 0.025078 0 P 0
L 0.24122 -0.048386 0.24122 -0.005078 0 P 0
L 0.24122 -0.048386 0.26878 -0.048386 0 P 0
L 0.24122 0.068386 0.26878 0.068386 0 P 0
L 0.241812 0.33996 0.241812 0.375394 0 P 0
L 0.2558261 -0.1710638 0.2558261 -0.1297238 0 P 0
L 0.266338 0.173976 0.266338 0.296024 0 P 0
L 0.266338 0.173976 0.32933 0.173976 0 P 0
L 0.266338 0.296024 0.32933 0.296024 0 P 0
L 0.26878 0.025078 0.26878 0.068386 0 P 0
L 0.26878 -0.048386 0.26878 -0.005078 0 P 0
L 0.2731899 -0.1326781 0.2968119 -0.1326781 0 P 0
L 0.2731899 -0.1681101 0.2731899 -0.1326781 0 P 0
L 0.2731899 -0.1681101 0.2968119 -0.1681101 0 P 0
L 0.2968119 -0.1681101 0.2968119 -0.1326781 0 P 0
L 0.304882 0.129174 0.304882 0.150826 0 P 0
L 0.304882 0.129174 0.34622 0.129174 0 P 0
L 0.304882 0.150826 0.34622 0.150826 0 P 0
L 0.3141732 -0.1297245 0.3358267 -0.1297245 0 P 0
L 0.3141732 -0.1710631 0.3141732 -0.1297245 0 P 0
L 0.3141732 -0.1710631 0.3358267 -0.1710631 0 P 0
L 0.324174 -0.02433 0.345826 -0.02433 0 P 0
L 0.324174 -0.06567 0.324174 -0.02433 0 P 0
L 0.324174 -0.06567 0.345826 -0.06567 0 P 0
L 0.32933 0.173976 0.32933 0.296024 0 P 0
L 0.3358267 -0.1710631 0.3358267 -0.1297245 0 P 0
L 0.345826 -0.06567 0.345826 -0.02433 0 P 0
L 0.34622 0.129174 0.34622 0.150826 0 P 0
L 0.353189 -0.1322835 0.376811 -0.1322835 0 P 0
L 0.353189 -0.1677166 0.353189 -0.1322835 0 P 0
L 0.353189 -0.1677166 0.376811 -0.1677166 0 P 0
L 0.3668504 -0.0690945 0.3668504 0.0887795 0 P 0
L 0.3668504 -0.0690945 0.5247244 -0.0690945 0 P 0
L 0.3668504 0.0887795 0.5247244 0.0887795 0 P 0
L 0.376811 -0.1677166 0.376811 -0.1322835 0 P 0
L 0.393189 -0.1322835 0.416811 -0.1322835 0 P 0
L 0.393189 -0.1677166 0.393189 -0.1322835 0 P 0
L 0.393189 -0.1677166 0.416811 -0.1677166 0 P 0
L 0.394882 0.129174 0.394882 0.150826 0 P 0
L 0.394882 0.129174 0.43622 0.129174 0 P 0
L 0.394882 0.150826 0.43622 0.150826 0 P 0
L 0.398228 0.16819 0.398228 0.191812 0 P 0
L 0.398228 0.16819 0.433662 0.16819 0 P 0
L 0.398228 0.191812 0.433662 0.191812 0 P 0
L 0.416811 -0.1677166 0.416811 -0.1322835 0 P 0
L 0.433662 0.16819 0.433662 0.191812 0 P 0
L 0.43622 0.129174 0.43622 0.150826 0 P 0
L 0.47819 0.237284 0.47819 0.272716 0 P 0
L 0.47819 0.237284 0.501812 0.237284 0 P 0
L 0.47819 0.272716 0.501812 0.272716 0 P 0
L 0.4791733 0.1343307 0.4791733 0.1756693 0 P 0
L 0.4791733 0.1343307 0.5008268 0.1343307 0 P 0
L 0.4791733 0.1756693 0.5008268 0.1756693 0 P 0
L 0.4943307 -0.1084842 0.5356693 -0.1084842 0 P 0
L 0.4943307 -0.1301377 0.4943307 -0.1084842 0 P 0
L 0.4943307 -0.1301377 0.5356693 -0.1301377 0 P 0
L 0.5008268 0.1343307 0.5008268 0.1756693 0 P 0
L 0.501812 0.237284 0.501812 0.272716 0 P 0
L 0.513188 0.2372842 0.513188 0.2727162 0 P 0
L 0.513188 0.2372842 0.53681 0.2372842 0 P 0
L 0.513188 0.2727162 0.53681 0.2727162 0 P 0
L 0.5141733 0.1343307 0.5141733 0.1756693 0 P 0
L 0.5141733 0.1343307 0.5358268 0.1343307 0 P 0
L 0.5141733 0.1756693 0.5358268 0.1756693 0 P 0
L 0.5247244 -0.0690945 0.5247244 0.0887795 0 P 0
L 0.5356693 -0.1301377 0.5356693 -0.1084842 0 P 0
L 0.5358268 0.1343307 0.5358268 0.1756693 0 P 0
L 0.53681 0.2372842 0.53681 0.2727162 0 P 0
L 0.56122 0.3533472 0.56122 0.3966532 0 P 0
L 0.56122 0.3533472 0.58878 0.3533472 0 P 0
L 0.56122 0.3966532 0.58878 0.3966532 0 P 0
L 0.5843307 0.1941733 0.5843307 0.2158268 0 P 0
L 0.5843307 0.1941733 0.6256693 0.1941733 0 P 0
L 0.5843307 0.2158268 0.6256693 0.2158268 0 P 0
L 0.58878 0.3533472 0.58878 0.3966532 0 P 0
L 0.590708 -0.29122 0.634016 -0.29122 0 P 0
L 0.590708 -0.31878 0.590708 -0.29122 0 P 0
L 0.590708 -0.31878 0.634016 -0.31878 0 P 0
L 0.590708 -0.33622 0.634016 -0.33622 0 P 0
L 0.590708 -0.36378 0.590708 -0.33622 0 P 0
L 0.590708 -0.36378 0.634016 -0.36378 0 P 0
L 0.5943314 -0.204174 0.6356694 -0.204174 0 P 0
L 0.5943314 -0.225826 0.5943314 -0.204174 0 P 0
L 0.5943314 -0.225826 0.6356694 -0.225826 0 P 0
L 0.5972838 -0.163188 0.6327158 -0.163188 0 P 0
L 0.5972838 -0.18681 0.5972838 -0.163188 0 P 0
L 0.5972838 -0.18681 0.6327158 -0.18681 0 P 0
L 0.597284 -0.24819 0.632716 -0.24819 0 P 0
L 0.597284 -0.271812 0.597284 -0.24819 0 P 0
L 0.597284 -0.271812 0.632716 -0.271812 0 P 0
L 0.6256693 0.1941733 0.6256693 0.2158268 0 P 0
L 0.6327158 -0.18681 0.6327158 -0.163188 0 P 0
L 0.632716 -0.271812 0.632716 -0.24819 0 P 0
L 0.634016 -0.31878 0.634016 -0.29122 0 P 0
L 0.634016 -0.36378 0.634016 -0.33622 0 P 0
L 0.6356694 -0.225826 0.6356694 -0.204174 0 P 0
L 0.6743305 0.284174 0.6743305 0.305826 0 P 0
L 0.6743305 0.284174 0.7156685 0.284174 0 P 0
L 0.6743305 0.305826 0.7156685 0.305826 0 P 0
L 0.6743305 0.324174 0.6743305 0.345826 0 P 0
L 0.6743305 0.324174 0.7156685 0.324174 0 P 0
L 0.6743305 0.345826 0.7156685 0.345826 0 P 0
L 0.6743306 0.244174 0.6743306 0.265826 0 P 0
L 0.6743306 0.244174 0.7156686 0.244174 0 P 0
L 0.6743306 0.265826 0.7156686 0.265826 0 P 0
L 0.6743307 0.1641732 0.6743307 0.1858267 0 P 0
L 0.6743307 0.1641732 0.7156693 0.1641732 0 P 0
L 0.6743307 0.1858267 0.7156693 0.1858267 0 P 0
L 0.6743314 0.204174 0.6743314 0.225826 0 P 0
L 0.6743314 0.204174 0.7156694 0.204174 0 P 0
L 0.6743314 0.225826 0.7156694 0.225826 0 P 0
L 0.7156685 0.284174 0.7156685 0.305826 0 P 0
L 0.7156685 0.324174 0.7156685 0.345826 0 P 0
L 0.7156686 0.244174 0.7156686 0.265826 0 P 0
L 0.7156693 0.1641732 0.7156693 0.1858267 0 P 0
L 0.7156694 0.204174 0.7156694 0.225826 0 P 0
L 0.7262598 0.0953937 0.8837401 0.0953937 0 P 0
L 0.7262598 -0.1053937 0.7262598 0.0953937 0 P 0
L 0.7262598 -0.1053937 0.8837401 -0.1053937 0 P 0
L 0.78618 0.16122 0.78618 0.18878 0 P 0
L 0.78618 0.16122 0.829488 0.16122 0 P 0
L 0.78618 0.18878 0.829488 0.18878 0 P 0
L 0.78618 0.20122 0.78618 0.22878 0 P 0
L 0.78618 0.20122 0.829488 0.20122 0 P 0
L 0.78618 0.22878 0.829488 0.22878 0 P 0
L 0.78618 0.24122 0.78618 0.26878 0 P 0
L 0.78618 0.24122 0.829488 0.24122 0 P 0
L 0.78618 0.26878 0.829488 0.26878 0 P 0
L 0.78618 0.28122 0.78618 0.30878 0 P 0
L 0.78618 0.28122 0.829488 0.28122 0 P 0
L 0.78618 0.30878 0.829488 0.30878 0 P 0
L 0.78618 0.32122 0.78618 0.34878 0 P 0
L 0.78618 0.32122 0.829488 0.32122 0 P 0
L 0.78618 0.34878 0.829488 0.34878 0 P 0
L 0.829488 0.16122 0.829488 0.18878 0 P 0
L 0.829488 0.20122 0.829488 0.22878 0 P 0
L 0.829488 0.24122 0.829488 0.26878 0 P 0
L 0.829488 0.28122 0.829488 0.30878 0 P 0
L 0.829488 0.32122 0.829488 0.34878 0 P 0
L 0.8459449 -0.2806295 0.9640549 -0.2806295 0 P 0
L 0.8459449 -0.3593695 0.8459449 -0.2806295 0 P 0
L 0.8459449 -0.3593695 0.9640549 -0.3593695 0 P 0
L 0.8837401 -0.1053937 0.8837401 0.0953937 0 P 0
L 0.8886604 0.3432205 0.8886604 0.3707795 0 P 0
L 0.8886604 0.3432205 0.9319675 0.3432205 0 P 0
L 0.8886604 0.3707795 0.9319675 0.3707795 0 P 0
L 0.8893305 -0.164174 0.9306685 -0.164174 0 P 0
L 0.8893305 -0.185826 0.8893305 -0.164174 0 P 0
L 0.8893305 -0.185826 0.9306685 -0.185826 0 P 0
L 0.8893315 -0.204174 0.9306695 -0.204174 0 P 0
L 0.8893315 -0.225826 0.8893315 -0.204174 0 P 0
L 0.8893315 -0.225826 0.9306695 -0.225826 0 P 0
L 0.8913315 0.201174 0.8913315 0.222826 0 P 0
L 0.8913315 0.201174 0.9326695 0.201174 0 P 0
L 0.8913315 0.222826 0.9326695 0.222826 0 P 0
L 0.8913315 0.236174 0.8913315 0.257826 0 P 0
L 0.8913315 0.236174 0.9326695 0.236174 0 P 0
L 0.8913315 0.257826 0.9326695 0.257826 0 P 0
L 0.8913315 0.270174 0.8913315 0.291826 0 P 0
L 0.8913315 0.270174 0.9326695 0.270174 0 P 0
L 0.8913315 0.291826 0.9326695 0.291826 0 P 0
L 0.8913315 0.311174 0.8913315 0.332826 0 P 0
L 0.8913315 0.311174 0.9326695 0.311174 0 P 0
L 0.8913315 0.332826 0.9326695 0.332826 0 P 0
L 0.891614 -0.1179535 0.932952 -0.1179535 0 P 0
L 0.891614 -0.1396055 0.891614 -0.1179535 0 P 0
L 0.891614 -0.1396055 0.932952 -0.1396055 0 P 0
L 0.8922842 -0.243188 0.9277162 -0.243188 0 P 0
L 0.8922842 -0.26681 0.8922842 -0.243188 0 P 0
L 0.8922842 -0.26681 0.9277162 -0.26681 0 P 0
L 0.8942835 0.123189 0.8942835 0.146811 0 P 0
L 0.8942835 0.123189 0.9297166 0.123189 0 P 0
L 0.8942835 0.146811 0.9297166 0.146811 0 P 0
L 0.8942838 0.16319 0.8942838 0.186812 0 P 0
L 0.8942838 0.16319 0.9297158 0.16319 0 P 0
L 0.8942838 0.186812 0.9297158 0.186812 0 P 0
L 0.9277162 -0.26681 0.9277162 -0.243188 0 P 0
L 0.9297158 0.16319 0.9297158 0.186812 0 P 0
L 0.9297166 0.123189 0.9297166 0.146811 0 P 0
L 0.9306685 -0.185826 0.9306685 -0.164174 0 P 0
L 0.9306695 -0.225826 0.9306695 -0.204174 0 P 0
L 0.9319675 0.3432205 0.9319675 0.3707795 0 P 0
L 0.9326695 0.201174 0.9326695 0.222826 0 P 0
L 0.9326695 0.236174 0.9326695 0.257826 0 P 0
L 0.9326695 0.270174 0.9326695 0.291826 0 P 0
L 0.9326695 0.311174 0.9326695 0.332826 0 P 0
L 0.932952 -0.1396055 0.932952 -0.1179535 0 P 0
L 0.9640549 -0.3593695 0.9640549 -0.2806295 0 P 0
L 1.249189 0.2302834 1.249189 0.2657165 0 P 0
L 1.249189 0.2302834 1.272811 0.2302834 0 P 0
L 1.249189 0.2657165 1.272811 0.2657165 0 P 0
L 1.272811 0.2302834 1.272811 0.2657165 0 P 0
L 1.381189 0.2302834 1.381189 0.2657165 0 P 0
L 1.381189 0.2302834 1.404811 0.2302834 0 P 0
L 1.381189 0.2657165 1.404811 0.2657165 0 P 0
L 1.404811 0.2302834 1.404811 0.2657165 0 P 0
